# YOLOv3 Hyperparameter Evolution Results
# Best generation: 165
# Last generation: 177
#    metrics/precision,       metrics/recall,      metrics/mAP_0.5, metrics/mAP_0.5:0.95,         val/box_loss,         val/obj_loss,         val/cls_loss
#              0.41911,              0.39819,              0.36734,              0.18082,             0.027587,             0.070809,             0.038778

lr0: 0.0065126236
lrf: 0.0247311391
momentum: 0.97144
weight_decay: 0.00053
warmup_epochs: 3.1727
warmup_momentum: 0.95
warmup_bias_lr: 0.12899
box: 0.03427
cls: 0.80114
cls_pw: 0.89458
obj: 2.2809
obj_pw: 1.4196
iou_t: 0.2
anchor_t: 2.8182
fl_gamma: 0.0
hsv_h: 0.01718
hsv_s: 0.69152
hsv_v: 0.37947
degrees: 0.0
translate: 0.12337
scale: 0.44573
shear: 0.0
perspective: 0.0
flipud: 0.0
fliplr: 0.5
mosaic: 1.0
mixup: 0.1
copy_paste: 0.1
anchors: 2.6899
